id,neg,neu,pos,Unnamed: 0,Date
378,0.00015509666,0.33356366,0.6662812,0,2022-02-01
81,0.25155735,0.0003553023,0.74808735,1,2022-02-23
381,0.013331309,0.0002998034,0.9863689,2,2022-03-03
308,0.00084143586,0.00041326118,0.9987453,3,2022-03-09
309,0.0002758525,0.0001479883,0.99957615,4,2022-03-10
310,0.00022293872,0.00017477569,0.9996023,5,2022-03-27
83,0.00020924624,0.962598,0.037192732,6,2022-03-27
312,0.49090824,0.004983455,0.50410837,7,2022-03-28
314,0.00050806964,0.42331126,0.5761807,8,2022-03-29
315,0.0005374663,0.00015905502,0.99930346,9,2022-04-03
82,0.00035720313,0.8522281,0.14741467,10,2022-04-08
79,0.00041389777,0.00040556717,0.99918056,11,2022-04-18
105,0.0025499552,0.0005407674,0.99690926,12,2022-04-19
80,0.36195847,0.33333263,0.30470887,13,2022-04-22
122,0.39725146,0.41876307,0.18398553,14,2022-04-22
313,0.67356914,0.0038327903,0.32259804,15,2022-04-25
311,0.49853644,0.24920377,0.2522598,16,2022-04-25
321,0.00023234595,0.0031410225,0.9966266,17,2022-04-26
316,0.00029688783,0.3018422,0.6978609,18,2022-04-28
319,0.76503396,0.033748057,0.20121798,19,2022-04-29
107,0.4993106,0.0004056173,0.50028384,20,2022-05-03
51,0.0011458136,0.60011727,0.39873692,21,2022-05-04
320,0.005337527,0.031664316,0.9629982,22,2022-05-04
323,0.7930553,0.14417095,0.06277381,23,2022-05-05
322,0.66840357,0.13498333,0.19661318,24,2022-05-08
324,0.99836713,0.0010509267,0.00058202946,25,2022-05-09
104,0.9961766,0.00318023,0.00064315874,26,2022-05-09
318,0.99871624,0.0006225187,0.00066123804,27,2022-05-09
329,0.9951271,0.0036179826,0.0012549513,28,2022-05-09
111,0.7541237,0.03333971,0.21253659,29,2022-05-09
317,0.72047657,0.2568696,0.022653824,30,2022-05-09
325,0.6657358,0.2892675,0.044996675,31,2022-05-09
331,0.99794465,0.0014380587,0.00061730074,32,2022-05-10
69,0.19780213,0.66213346,0.14006443,33,2022-05-11
332,0.32830593,0.67064375,0.0010502998,34,2022-05-11
109,0.9976319,0.001633161,0.00073492853,35,2022-05-11
47,0.99824464,0.0009976416,0.0007577451,36,2022-05-11
330,0.33143482,0.6444385,0.02412668,37,2022-05-11
328,0.3998595,0.00047457783,0.59966594,38,2022-05-11
327,0.5350764,0.004098963,0.4608247,39,2022-05-11
326,0.9936559,0.0057266923,0.00061735016,40,2022-05-11
139,0.42014402,0.57915026,0.0007056988,41,2022-05-11
142,0.9987004,0.0006996753,0.00059986056,42,2022-05-11
333,0.9931253,0.006025952,0.0008487328,43,2022-05-11
337,0.99836236,0.00077733846,0.00086034706,44,2022-05-12
338,0.00033900514,0.004299355,0.9953616,45,2022-05-12
335,0.9982608,0.0012038618,0.00053535897,46,2022-05-12
342,0.99523056,0.0026831846,0.0020862308,47,2022-05-12
334,0.9969549,0.0025131786,0.0005319336,48,2022-05-12
336,0.9985505,0.00085854763,0.00059105223,49,2022-05-12
339,0.4994835,0.0003350947,0.5001814,50,2022-05-12
49,0.9497971,0.041586608,0.008616396,51,2022-05-12
340,0.359214,0.634266,0.006519948,52,2022-05-12
114,0.65768963,0.0132779,0.32903248,53,2022-05-12
350,0.5000991,0.0004879983,0.4994129,54,2022-05-13
347,0.9970529,0.0023667156,0.00058041525,55,2022-05-13
341,0.9985115,0.00072808284,0.0007603272,56,2022-05-13
349,0.9977016,0.0016793974,0.0006190473,57,2022-05-13
343,0.4994802,0.00075782946,0.499762,58,2022-05-13
351,0.00021632662,0.9997052,7.852596e-05,59,2022-05-14
57,0.20686163,0.5615164,0.23162192,60,2022-05-14
346,0.9916551,0.007513971,0.0008309302,61,2022-05-14
62,0.663539,0.22305149,0.11340957,62,2022-05-15
352,0.5067652,0.10284644,0.39038843,63,2022-05-15
120,0.9983699,0.0009261208,0.00070402096,64,2022-05-16
344,0.99816394,0.0008766989,0.00095939136,65,2022-05-16
356,0.9973304,0.0021824886,0.00048704777,66,2022-05-16
21,0.9855723,0.013273492,0.0011542295,67,2022-05-16
345,0.0057289796,0.97863173,0.015639294,68,2022-05-16
355,0.5253913,0.019109236,0.45549953,69,2022-05-16
354,0.987252,0.0010663464,0.011681613,70,2022-05-16
348,0.9838187,0.014191161,0.0019901453,71,2022-05-16
70,0.40953332,0.5896885,0.0007781162,72,2022-05-16
353,0.86663556,0.02084834,0.112516016,73,2022-05-16
358,0.45702168,0.00063766894,0.54234064,74,2022-05-17
357,0.99488306,0.003352534,0.0017644108,75,2022-05-17
22,0.5005957,0.497614,0.0017903397,76,2022-05-17
78,0.14335525,0.06814632,0.7884985,77,2022-05-17
361,0.99112654,0.0011561015,0.0077174366,78,2022-05-18
366,0.2907818,0.42594784,0.28327033,79,2022-05-18
74,0.60651815,0.018241584,0.37524027,80,2022-05-18
364,0.20126975,0.77980345,0.018926762,81,2022-05-18
16,0.65227896,0.34669426,0.0010266766,82,2022-05-18
365,0.00014843623,0.99963814,0.00021342332,83,2022-05-19
363,0.3388206,0.014971235,0.6462081,84,2022-05-19
362,0.99760103,0.0018048787,0.00059408566,85,2022-05-19
56,0.79640204,0.0018960496,0.20170197,86,2022-05-19
359,0.9907515,0.006577707,0.0026707733,87,2022-05-19
360,0.6007699,0.2022183,0.19701183,88,2022-05-19
54,0.3932673,0.60180825,0.0049244636,89,2022-05-20
135,0.21164525,0.78489256,0.003462191,90,2022-05-21
372,0.6368702,0.1109508,0.25217897,91,2022-05-23
170,0.49835736,0.0008334738,0.5008092,92,2022-05-24
371,0.290096,0.7091117,0.00079221185,93,2022-05-25
32,0.70792437,0.001844318,0.29023132,94,2022-05-25
368,0.55397755,0.0017238116,0.44429862,95,2022-05-25
369,0.997511,0.0014931441,0.000995848,96,2022-05-25
367,0.0026783443,0.005573541,0.9917481,97,2022-05-25
65,0.07762631,0.5146033,0.40777034,98,2022-05-25
370,0.76375985,0.0034230107,0.23281719,99,2022-05-26
113,0.7909471,0.0008204815,0.20823243,100,2022-05-26
144,0.9922049,0.006872519,0.0009225501,101,2022-05-27
373,0.00021243062,0.7498712,0.2499164,102,2022-05-27
30,0.16552185,0.8342359,0.00024223646,103,2022-05-27
14,0.99612707,0.0031035652,0.00076938514,104,2022-05-27
31,0.77626646,0.11219876,0.11153478,105,2022-05-29
64,0.6630242,0.055766325,0.28120947,106,2022-06-01
377,0.26535276,0.72423345,0.010413785,107,2022-06-01
374,0.7236623,0.12936589,0.14697182,108,2022-06-02
375,0.00023997307,0.00045789752,0.99930215,109,2022-06-03
376,0.53861684,0.042970374,0.41841274,110,2022-06-06
245,0.9979906,0.00085283193,0.0011566833,111,2022-06-07
250,0.99685067,0.0009250327,0.0022242297,112,2022-06-07
100,0.28611606,0.31016093,0.403723,113,2022-06-08
248,0.9968183,0.00041726645,0.0027644725,114,2022-06-08
246,0.00038813608,0.9992588,0.00035310557,115,2022-06-08
95,0.00031668783,0.0032377178,0.9964456,116,2022-06-08
249,0.007705177,0.99209446,0.00020036499,117,2022-06-09
247,0.52422535,0.11436387,0.3614108,118,2022-06-09
244,0.00034335413,0.00023506406,0.9994216,119,2022-06-09
123,0.99399924,0.005498834,0.00050190225,120,2022-06-09
129,0.003223167,0.018726675,0.9780502,121,2022-06-10
23,0.3312231,0.17094614,0.49783075,122,2022-06-10
251,0.977572,0.00077160785,0.021656398,123,2022-06-10
15,0.99782914,0.0005922785,0.0015785692,124,2022-06-10
61,0.998019,0.0014557962,0.00052519166,125,2022-06-13
17,0.5424661,0.38325736,0.074276626,126,2022-06-13
256,0.33220214,0.47766557,0.1901323,127,2022-06-14
101,0.68513626,0.31140947,0.0034543034,128,2022-06-14
171,0.9750778,0.019961877,0.0049603907,129,2022-06-15
60,0.9978857,0.0015261896,0.0005880847,130,2022-06-15
255,0.71141064,0.2871767,0.0014126112,131,2022-06-15
254,0.993983,0.003785469,0.0022315574,132,2022-06-15
72,0.00021002282,0.00020789373,0.9995821,133,2022-06-16
103,0.44215888,0.16583657,0.39200455,134,2022-06-16
252,0.3243127,0.67446643,0.0012208702,135,2022-06-18
253,0.8307986,0.0022143451,0.166987,136,2022-06-19
168,0.0026430162,0.3995798,0.5977771,137,2022-06-19
258,0.00067422923,0.5059077,0.49341798,138,2022-06-20
265,0.42770734,0.00049571256,0.57179695,139,2022-06-21
169,0.011199665,0.62176114,0.3670391,140,2022-06-21
172,0.9531206,0.0334091,0.0134703275,141,2022-06-23
264,0.009399708,0.6705575,0.32004276,142,2022-06-23
257,0.00032963307,0.00032344178,0.9993469,143,2022-06-23
259,0.28376573,0.065253295,0.65098095,144,2022-06-23
176,0.5585986,0.23689803,0.20450337,145,2022-06-24
260,0.026767211,0.9364217,0.036811035,146,2022-06-24
266,0.6802075,0.299958,0.019834474,147,2022-06-27
263,0.99736285,0.0012720383,0.0013651607,148,2022-06-27
262,0.0029403884,0.620728,0.37633172,149,2022-06-28
97,0.00012991934,0.99346703,0.0064031202,150,2022-06-28
99,0.48038122,0.18513153,0.33448732,151,2022-06-28
261,0.57167244,0.0006197355,0.42770782,152,2022-06-28
275,0.8533109,0.14411817,0.0025709344,153,2022-06-29
110,0.30991662,0.3688652,0.32121822,154,2022-06-29
112,0.7460754,0.0011925995,0.252732,155,2022-06-29
273,0.21809252,0.5691687,0.21273881,156,2022-06-30
267,0.0004917254,0.97324187,0.02626651,157,2022-06-30
269,0.00075544417,0.0076708556,0.99157375,158,2022-06-30
272,0.059914976,0.18683502,0.75325,159,2022-06-30
274,0.012708307,0.98103964,0.0062521026,160,2022-06-30
270,0.2432255,0.23731548,0.51945895,161,2022-07-01
271,0.25959286,0.25139993,0.48900712,162,2022-07-06
108,0.996729,0.0019009312,0.0013699923,163,2022-07-07
268,0.00020950005,0.9994628,0.00032777994,164,2022-07-07
281,0.6471011,0.33984402,0.013054932,165,2022-07-08
276,0.10240948,0.7861375,0.111452974,166,2022-07-08
285,0.7978593,0.0016235415,0.20051713,167,2022-07-11
280,0.0027072923,0.18801257,0.80928016,168,2022-07-11
283,0.33218452,0.5610706,0.10674484,169,2022-07-11
278,0.0082745,0.009887782,0.9818377,170,2022-07-12
282,0.7936939,0.17768896,0.02861714,171,2022-07-12
284,0.0056846146,0.7176876,0.2766277,172,2022-07-13
66,0.01135762,0.49279356,0.4958488,173,2022-07-14
277,0.99821246,0.00025025653,0.0015372541,174,2022-07-15
279,0.00085696625,0.9682686,0.030874394,175,2022-07-18
292,0.9879088,0.0016492537,0.010441961,176,2022-07-19
291,0.52519405,0.47411057,0.0006953535,177,2022-07-19
287,0.00440151,0.4883107,0.5072878,178,2022-07-20
288,0.00096666545,0.7522009,0.24683243,179,2022-07-20
290,0.95775586,0.040741567,0.0015025949,180,2022-07-20
159,0.36595964,0.42469704,0.2093433,181,2022-07-22
24,0.2487882,0.36659375,0.38461807,182,2022-07-22
166,0.9983322,0.0009859282,0.00068190764,183,2022-07-22
289,0.5009033,0.0010244745,0.49807218,184,2022-07-25
106,0.70404637,0.0075429543,0.28841075,185,2022-07-26
121,0.029139197,0.0011317516,0.96972907,186,2022-07-26
286,0.8863596,0.011207861,0.10243266,187,2022-07-26
298,0.44060698,0.55759174,0.0018012827,188,2022-07-27
163,0.9972422,0.0019349894,0.00082283665,189,2022-07-29
27,0.00024225109,0.0001655643,0.9995921,190,2022-07-29
293,0.22433376,0.001981929,0.7736843,191,2022-07-31
297,0.46678033,0.52509165,0.0081279725,192,2022-08-01
296,0.45434532,0.00039200316,0.54526263,193,2022-08-02
299,0.47053415,0.10298985,0.42647603,194,2022-08-02
164,0.00077938306,0.9989441,0.0002764733,195,2022-08-02
294,0.8978427,0.0786073,0.02354999,196,2022-08-03
63,0.4910819,0.46614724,0.04277081,197,2022-08-04
162,0.029519198,0.9693316,0.0011491516,198,2022-08-08
10,0.03810067,0.46259698,0.4993024,199,2022-08-09
295,0.77268535,0.11284177,0.11447297,200,2022-08-11
34,0.5593178,0.21404588,0.2266362,201,2022-08-16
19,0.54377055,0.45549548,0.0007339557,202,2022-08-17
300,0.5827677,0.047657322,0.36957505,203,2022-08-17
306,0.031574663,0.46904826,0.49937704,204,2022-08-17
92,0.9982457,0.0012823613,0.00047192676,205,2022-08-18
303,0.98359275,0.014306706,0.0021005902,206,2022-08-19
301,0.9773036,0.01693669,0.005759638,207,2022-08-19
304,0.9979929,0.0014197425,0.0005873223,208,2022-08-19
302,0.52061695,0.47760862,0.0017744543,209,2022-08-21
307,0.9957915,0.0015894363,0.0026190255,210,2022-08-22
160,0.00038269756,0.9926968,0.0069205044,211,2022-08-22
305,0.000753879,0.039635736,0.9596104,212,2022-08-24
224,0.862697,0.051492702,0.08581024,213,2022-08-30
98,0.0043174466,0.64953125,0.34615132,214,2022-09-03
29,0.9983207,0.0005477214,0.001131582,215,2022-09-07
2,0.49568897,0.0055197375,0.49879125,216,2022-09-08
13,0.00023747962,0.00014477003,0.9996178,217,2022-09-09
11,0.99844307,0.001045836,0.0005110718,218,2022-09-12
8,0.99851125,0.00094731856,0.0005413681,219,2022-09-14
28,0.2344068,0.02777257,0.7378206,220,2022-09-15
102,0.11181283,0.0035526427,0.88463455,221,2022-09-15
96,0.0012793747,0.043719325,0.9550013,222,2022-09-20
20,0.49994,0.0006488218,0.4994112,223,2022-09-20
9,0.46567884,0.010593892,0.52372724,224,2022-09-26
157,0.3212134,0.67445064,0.004335954,225,2022-09-27
236,0.99328023,0.005710247,0.0010095601,226,2022-09-28
41,0.014028749,0.9840439,0.0019273438,227,2022-09-28
5,0.99569273,0.0028805686,0.0014267208,228,2022-10-03
26,0.28050116,0.004371643,0.7151273,229,2022-10-04
238,0.95381624,0.045476325,0.00070744543,230,2022-10-07
237,0.039354376,0.35292125,0.60772437,231,2022-10-07
43,0.9965606,0.00077627425,0.0026631723,232,2022-10-10
93,0.99572843,0.0034367898,0.0008346781,233,2022-10-10
231,0.00048629715,0.002653929,0.9968598,234,2022-10-10
153,0.7379098,0.045045804,0.21704435,235,2022-10-11
233,0.82878035,0.0018898599,0.1693298,236,2022-10-11
234,0.13499786,0.3618302,0.503172,237,2022-10-13
235,0.73960745,0.25657976,0.0038127357,238,2022-10-13
232,0.51882386,0.4799759,0.0012002431,239,2022-10-17
240,0.08455227,0.91031873,0.005128993,240,2022-10-18
230,0.8176485,0.17721501,0.0051365625,241,2022-10-18
242,0.00021495672,0.00014911215,0.99963593,242,2022-10-28
241,0.9912214,0.008324491,0.00045415474,243,2022-10-28
239,0.9984037,0.0011253925,0.00047086627,244,2022-10-31
243,0.00026162338,0.001565112,0.99817324,245,2022-11-01
46,0.9947676,0.004445965,0.00078638614,246,2022-11-01
35,0.25020564,0.00027627288,0.74951816,247,2022-11-01
89,0.5239382,0.47447848,0.0015833357,248,2022-11-02
218,0.00031923354,0.9990044,0.00067630416,249,2022-11-04
214,0.9770478,0.022070972,0.0008812189,250,2022-11-04
33,0.46341076,0.3113488,0.22524041,251,2022-11-10
91,0.9962882,0.0029459572,0.00076577876,252,2022-11-10
87,0.9979411,0.0015275007,0.00053144497,253,2022-11-10
217,0.72682685,0.27224377,0.0009293581,254,2022-11-15
222,0.98100764,0.018287433,0.0007049014,255,2022-11-16
223,0.92949986,0.06958854,0.0009115534,256,2022-11-16
221,0.8873657,0.11012199,0.0025122801,257,2022-11-16
219,0.74806273,0.1431223,0.10881497,258,2022-11-17
220,0.00044899492,0.9994545,9.6476884e-05,259,2022-12-08
88,0.00044027957,0.003188168,0.9963715,260,2022-12-12
228,0.9393369,0.059684385,0.0009788361,261,2022-12-12
225,0.99683356,0.0027189036,0.00044749316,262,2022-12-12
229,0.00593198,0.41422093,0.57984716,263,2022-12-13
90,0.99817264,0.000495671,0.0013316924,264,2022-12-14
94,0.0002507575,0.9978974,0.001851872,265,2022-12-27
226,0.82006884,0.15633573,0.023595408,266,2022-12-28
38,0.998594,0.00057456194,0.0008314678,267,2022-12-29
227,0.19561556,0.56515265,0.23923177,268,2022-12-30
36,0.1271606,0.124627076,0.7482124,269,2022-12-30
39,0.4309123,0.40155455,0.1675332,270,2022-12-30
